128 6288 9 664
10 742
15 511
111 305
117 940
174 613
274 156
289 735
389 73
403 470
404 63
441 147
447 980
527 132
536 137
602 400
607 31
641 800
736 28
815 370
854 62
917 642
927 180
997 970
1085 110
1163 390
1233 102
1279 370
1375 49
1426 55
1505 41
1550 130
1634 115
1720 14
1790 130
1808 549
1845 135
1931 59
1994 120
2072 92
2163 880
2250 125
2280 132
2295 118
2356 127
2421 136
2504 92
2567 43
2569 60
2577 70
2655 139
2750 160
2824 137
2849 835
2904 71
2938 170
3038 49
3138 132
3228 139
3241 773
3306 111
3317 200
3391 21
3481 70
3546 45
3630 30
3633 66
3671 63
3753 39
3759 67
3761 90
3781 1
3854 28
3917 33
3945 112
3968 66
3989 33
4047 8
4103 51
4120 19
4143 122
4198 65
4285 40
4341 138
4417 101
4501 38
4577 113
4652 16
4735 26
4747 42
4826 106
4923 82
4965 46
4987 29
5045 115
5083 108
5084 74
5099 149
5132 96
5191 130
5234 56
5238 28
5321 114
5323 113
5374 81
5393 54
5416 130
5421 13
5425 94
5447 2
5495 121
5579 128
5607 95
5667 78
5681 53
5691 145
5740 39
5779 133
5842 146
5890 45
5913 116
5915 96
6012 138
6033 130
6125 111
6167 50
6208 65
6277 141
6288 87
