136 42
6805
2558
341
8198
897
967
3771
270
6619
8141
1738
1736
8112
1334
3518
681
4713
563
9795
6297
9337
3959
7507
2005
7261
2945
3682
3845
3635
5588
9294
3217
7698
8575
600
1480
1278
7978
2594
4929
3170
8470
7632
7520
642
5166
5670
4954
4964
3531
2790
3270
8160
5199
1513
8998
5674
871
8275
3589
6195
4488
1299
178
4569
3744
2779
4791
6659
4227
8818
4070
3472
2338
913
2038
1406
3855
6594
4170
3214
8666
4489
7387
4096
485
3664
7202
2122
4098
819
322
5858
397
1058
7031
3739
2871
1143
3425
1938
8399
5710
6051
441
9184
4878
5402
6241
4759
4976
6250
103
761
8540
9089
8290
7743
2697
5287
6948
1035
1297
8421
1899
2264
8816
7418
6662
507
789
9503
9960
9251
8849
754
